   -0.12452151
    0.11948996
    0.20980144
    0.03185846
   -0.09743567
   -0.01853743
    0.33046254
   -0.16624105
   -0.27242336
   -0.12959211
    0.12954795
    0.21905347
    0.01409360
   -0.09374778
   -0.00370086
    0.32977277
   -0.14277763
   -0.25719172
   -0.12390831
    0.03710933
    0.33771722
   -0.32054308
   -0.15111192
    0.12510781
    0.32093042
   -0.00636568
   -0.33939296
    0.15130375
   -0.01655216
   -0.03437452
   -0.16847732
    0.04539679
    0.43399530
   -0.30021275
   -0.30713402
    0.11418525
    0.32767965
   -0.31366362
   -0.16467628
    0.11510388
    0.31601612
    0.02432776
   -0.31577883
    0.10670772
    0.00741042
   -0.01408231
   -0.00472198
   -0.01892156
   -0.27074424
    0.24652710
   -0.15798301
    0.13869436
    0.22580168
   -0.04145032
   -0.08183074
