           1           2   1.7277296743948831     
           1           3  0.19895085791734696     
           2           3  0.94245342608918925     
           2           4   1.0852283184303939     
           1           5  0.16807055559375675     
           3           5   2.1878027866552290     
           1           6  0.19321699858746527     
           4           6   2.1646495916367678     
           6           7  0.87211779461098793     
           7           8   1.5112506747279406     
           6           9  0.12777604737029896     
           7           9   1.4929034800870502     
           8           9  0.28565520384833493     
          10          11   1.7342555847588808     
          10          12  0.22648582412515766     
          11          12  0.95012671583244324     
          10          13  0.12599937208375797     
          11          13   1.0794503690121631     
          10          14  0.19517523956501434     
          12          14   2.2008729158435290     
          10          15  0.19292099149526684     
          13          15   2.1411060792244818     
          15          16  0.90899228638829799     
          16          17   1.4866725703068766     
          15          18  0.15104003724932633     
          16          18   1.4783010097857929     
          17          18  0.34537818642081419     
          19          20   2.6751692832404217     
          20          21  0.92405275516036089     
          21          22   1.6464853793077545     
          21          23   1.2645368960492844     
          22          23  0.16664864671338570     
          23          24   1.3983558428451737     
          24          25  0.86909662159584422     
          23          26  0.12546643238145902     
          24          26   1.2704311599539273     
          25          27   1.6251942279007265     
          26          28   1.0991980342183139     
          23          29  0.10751465439588544     
          28          29   1.3589420332606137     
          23          30  0.11022187734438890     
          26          30  0.31729667392069599     
          28          30   1.3803785216862621     
          29          30  0.49005572843531209     
          25          31   1.3198548224165358     
          27          31  0.15625834406016217     
          31          32  0.11575311068644238     
          32          33  0.99174100217493677     
          32          34  0.17734382886958794     
          33          34   1.4542364150647411     
          32          35  0.28085571274574000     
          33          35   1.4664043907581756     
          34          35  0.26276659298363825     
          31          36   1.2365424221449044     
          32          36   1.5618544356577060     
          36          37  0.80867128630509799     
          32          38  0.14756849082377385     
          37          38   1.6625986760243678     
          37          39   1.3201426805236860     
          38          39  0.13503170528969310     
          39          40   1.3082212018638801     
          40          41  0.85056283384054865     
          40          42   1.3660358306784905     
          41          43   1.6393829543118317     
          42          44   1.2114710184625408     
          42          45  0.17129947970676354     
          44          45   1.2191380627587221     
          44          46   1.2296080511446941     
          45          46  0.18203698375827676     
          42          47  0.24235686212307514     
          45          47   1.6789417400396933     
          46          47  0.11813110653918144     
          42          48  0.14588009588704418     
          45          48  0.12780280613941425     
          46          48   1.6451860042991637     
          47          48  0.15599982805816207     
          45          49  0.12789032415430684     
          46          49  0.11736233057549797     
          47          50   1.1069577009570233     
          48          50   1.1289801276576976     
          49          50   1.5337716289910710     
          41          51   1.3042870113326710     
          43          51  0.17587847456473329     
          51          52   1.1812090754624125     
          51          53  0.15420369869457437     
          52          53  0.99566891189424589     
          43          54  0.14019135344498243     
          51          54  0.30040183324502107     
          52          54   1.5669713244227692     
          53          54  0.19186875421632488     
          53          55   2.2052706645735132     
          54          55  0.15354345711247955     
