    0.05576314
    0.04379711
    0.02548194
    0.03101466
   -0.08183400
    0.07310071
    0.02532317
    0.06964540
   -0.14870864
    0.06839824
    0.01183383
    0.03309899
    0.04414896
   -0.13771341
    0.02804124
    0.05946967
    0.06486550
   -0.16616437
    0.04355654
    0.06646286
    0.02746004
   -0.13934553
    0.03877810
    0.02864961
    0.03870661
    0.01054080
   -0.13639348
    0.01397586
    0.02279627
    0.01445828
    0.08031698
    0.04158478
    0.03060901
   -0.18124660
   -0.17579681
    0.05390560
    0.01673531
   -0.13849751
    0.10639737
    0.03870265
    0.00866623
    0.01655829
   -0.14831546
    0.03076291
    0.04211546
    0.03539100
    0.05328462
    0.03878135
   -0.15367932
    0.03641974
    0.06993031
    0.04575239
    0.04887945
    0.02328154
   -0.14974736
