           2           3  0.34055118032748488     
           2           4  0.31679259309663299     
           3           4  0.48103823067876395     
           2           5  0.39690459339690892     
           3           5  0.59193768236851618     
           5           6  0.30184009934087486     
           3           7  0.37796072456705676     
           4           7  0.39271317770741709     
           5           7  0.25207598841889584     
           6           7  0.33076179496075747     
           2           9  0.34177272316235696     
           4           9  0.34679147570062596     
          11          12  0.45838987307084716     
          12          13  0.25565747667689664     
          12          14  0.50908319305638594     
          13          14  0.37082364003033763     
          11          15  0.29669967854792539     
          12          15  0.51421796571156353     
          13          15  0.30684967910108740     
          13          16  0.33490097553023029     
          13          18  0.37277671571339926     
          16          18  0.63931701875843494     
          11          20  0.35118199739963890     
          12          20  0.37668048394528120     
          14          20  0.56490909805544853     
          11          21  0.34436994525947273     
          20          21  0.29416081538879046     
          20          22  0.52352894125599625     
          21          22  0.54259284640893202     
           1          23  0.30076245409042085     
          11          23  0.11461034113600907     
          19          23  0.47584859714847427     
          21          24  0.23291305673290960     
          22          24  0.32065011501177176     
          11          25  0.18144897295225848     
          14          25  0.30422446096699596     
          20          25  0.16339457138848862     
          21          25  0.11330200462868019     
          22          25  0.34858645438546532     
          24          25  0.15238610840006794     
           9          26  0.26733493653845941     
          11          26  0.15456142983316906     
          21          26  0.29640491196731916     
          24          26  0.18569772196598297     
          25          26  0.13875376649612381     
          11          27  0.37964161315233907     
          13          27  0.15692888387965731     
          15          27  0.24007520053298784     
          25          27  0.21791766932110326     
          26          27  0.17231189476383346     
          21          28  0.41075030410792474     
          24          28  0.48249493879086602     
          26          28  0.29156614413592202     
           4          29  0.33296471132647998     
           9          29  0.34800023454306922     
          23          29  0.13042240659168974     
          26          29  0.31838548797221283     
          28          29  0.59348689165711432     
           4          30  0.25526876792148345     
           7          30  0.30938197973259407     
          26          30  0.27808771325166942     
          29          30  0.38554623081841161     
          24          31  0.15868833536601878     
          22          32  0.26132206236488631     
          24          32  0.16333613549552295     
          25          32  0.26090909301580800     
          32          33  0.43112073412161850     
          32          34  0.53214263215665936     
          24          35  0.41778675478138749     
          30          35  0.40144653206493947     
          33          35  0.68614787953553880     
          13          36  0.16590944072440855     
          14          36  0.33876147382206834     
          16          36  0.31537771279063292     
          25          36  0.21723696481739990     
          32          36  0.23430980989495676     
          34          36  0.43381086723965157     
          24          37  0.23267319428505429     
          25          37  0.14971814344594778     
          26          37  0.18269928870430893     
          30          37  0.23439758827861040     
          32          37  0.10789511561953549     
          33          37  0.25849077881868116     
          35          37  0.35555929580204521     
           7          38  0.42818350089468604     
          37          38  0.26204728764363000     
          34          39  0.24354373522775943     
           4          40  0.14157909896279552     
           5          40  0.30702321213619871     
           7          40  0.12000488657111869     
           9          40  0.32334395909574498     
          26          40  0.14846915873793967     
          27          40  0.26592888030286321     
          30          40  0.28199301699553619     
          38          40  0.28314968447510869     
          13          41  0.28427914346032979     
          27          41  0.19149307829741716     
          36          41  0.26486545444893189     
          37          41  0.20678502452926559     
          10          42  0.12209508103601241     
          15          42  0.21887236648727110     
          18          42  0.41365691907542923     
          27          42  0.20173270065710400     
          41          42  0.19199318365218460     
          16          43  0.57833307906799614     
          36          43  0.18052686818563429     
          41          43  0.28474766646712263     
           5          44  0.11898783752627322     
           6          44  0.15298548095426814     
          38          44  0.21168509204371866     
          40          44  0.10904940602174502     
          41          44  0.14664166278847443     
          42          44  0.21523888147664402     
          16          45  0.14476625555552472     
          18          45  0.51428803679781310     
          41          45  0.27677796587535847     
          42          45  0.17407839963395894     
          43          45  0.33950532247634296     
          44          45  0.22006197233856950     
           2          46  0.29698034505414178     
           9          46  0.42243594936193796     
          15          46  0.33539959314421425     
          27          46  0.34842411589599281     
          40          46  0.11257018054373343     
          42          46  0.18656135760900658     
          17          47  0.18812611905962012     
          44          47  0.30318799472632907     
          45          47  0.27275574894402577     
           2          48  0.30048829610844613     
           5          48  0.26159838681091657     
          42          48  0.29710360617835907     
          44          48  0.19199403966842088     
          46          48  0.36455755092404574     
           6          49  0.34346089168324517     
          44          49  0.35076058433179591     
          47          49  0.27437717000324008     
          48          49  0.39189705138112307     
          42          50  0.26365787114338307     
          44          50  0.20328580944735911     
          45          50  0.25327339649587538     
          47          50  0.43070283009690591     
          48          50  0.34933385282495677     
          49          50  0.47884022146771521     
           6          51  0.10280207610655065     
           8          51  0.40295691616442725     
          32          52  0.23696575755805011     
          33          52  0.23746123960783616     
          34          52  0.64834003827206566     
          36          52  0.17883506682522612     
          37          52  0.19591254034580688     
          41          52  0.14807261086321166     
          43          52  0.29293715336534903     
          38          53  0.34752425708469964     
          41          53  0.18162324557416537     
          43          53  0.25118656967765229     
          44          53  0.19032319860337460     
          52          53  0.15910400881001299     
           8          54  0.14087193271542722     
          33          54  0.48755077032776262     
          37          54  0.17451294602309325     
          38          54  0.53961655687811827     
          51          54  0.14629721078468355     
          52          54  0.32082787233354182     
          53          54  0.38975660735495754     
           6          55  0.76960933871704795     
          47          55  0.66901244516869263     
          53          55  0.61105441664663407     
