   -0.08178545
    0.12246925
    0.33480836
   -0.00020936
   -0.28660104
    0.42658193
   -0.29277502
   -0.27378666
   -0.17103945
    0.11880754
    0.32298312
   -0.00101114
   -0.32100922
    0.15150067
   -0.03579997
   -0.02333154
   -0.17201742
    0.04826093
    0.43457658
   -0.29957567
   -0.32043145
    0.11878243
    0.33212117
   -0.34410415
   -0.16276098
    0.12931306
    0.33947950
   -0.04388811
   -0.32410636
   -0.17550864
    0.11882308
    0.32454730
   -0.00923189
   -0.31373685
    0.15701305
   -0.00986182
   -0.02992409
   -0.16129607
    0.11240518
    0.32996374
    0.01164637
   -0.30960100
    0.04143500
    0.06804739
   -0.04646372
   -0.14080813
   -0.11085188
    0.28798921
   -0.15344637
    0.10790106
    0.21375643
    0.14082972
   -0.10596273
   -0.03424377
   -0.03887211
