           1           2   1.6049373306513883     
           2           3  0.80797956787291780     
           1           4  0.37854166904918352     
           2           4   1.3027616429908984     
           1           5  0.15746936797517952     
           3           5   1.6795326985775367     
           4           6  0.78565824291592457     
           6           7   1.5464762677095782     
           4           8  0.19806309951131532     
           6           8   1.5568083510358508     
           7           8  0.27842634892627982     
           3           9   1.2902902050335363     
           5           9  0.15134116949435189     
           9          10   1.3429626421048251     
          10          11  0.86121597932734528     
           9          12  0.13874469834937447     
          10          12   1.3315282883026291     
          11          13   1.6518945994430170     
          12          14   1.0589801932599883     
          12          15  0.32744691344943266     
          14          15   1.3742041847275657     
          14          16   1.4031311129947448     
          15          16  0.57815826306447438     
          11          17   1.2942620010757624     
          13          17  0.14076761280691624     
          17          18  0.10719764821064473     
          18          19  0.98871242091000844     
          18          20  0.21927767473096341     
          19          20   1.4529543908228535     
          18          21  0.30457636712294983     
          19          21   1.4691684893142842     
          20          21  0.25076118995991803     
          17          22   1.2485669999865980     
          18          22   1.5134592802333082     
          22          23  0.81693345584227905     
          18          24  0.12370276623396995     
          23          24   1.6512492332132858     
          23          25   1.2964236389070207     
          24          25  0.13677084050194560     
          25          26   1.1863305900836993     
          26          27  0.82835311246761056     
          25          28  0.10408776998090209     
          26          28   1.6454246493745790     
          27          29   1.6717402028006609     
          28          29  0.12853912807258852     
          27          30   1.2626354470364425     
          29          30  0.11318112169530323     
          30          31   1.3438007806613614     
          31          32  0.87617381549395168     
          30          33  0.12005190216153697     
          31          33   1.3024118292607281     
          32          34   1.6699733395829717     
          33          35   1.0779487615669270     
          30          36  0.11067394746518501     
          35          36   1.3758787528206915     
          33          37  0.27773118046327039     
          35          37   1.3954775461897384     
          36          37  0.50214348696196498     
          32          38   1.2641963215270378     
          34          38  0.11714300310485856     
          38          39   1.2852714856128749     
          39          40  0.85943151677600005     
          38          41  0.12539268764356881     
          39          41   1.3825278029077412     
          40          42   1.6477354070329373     
          41          43   1.5677632869022002     
          43          44   1.5652507593008809     
          41          45  0.10378662466179935     
          44          45   1.6701541700288789     
          44          46  0.11786545039152352     
          46          47  0.74165008563357093     
          45          48   1.1660614887169185     
          46          48   1.3527421372190829     
          47          48   1.3993513095172938     
          40          49   1.3053111596007589     
          42          49  0.17074915260334764     
          49          50   1.3060507224518478     
          50          51   1.1645885180387812     
          50          52  0.92692233094461485     
          51          53   2.1590195343964043     
          49          54  0.16172265282158682     
          52          54   1.4978371096323699     
          49          55  0.13104827780830783     
          50          55  0.10608044956813208     
          51          55  0.13262130308625397     
          52          55   1.4117220614625690     
          53          55  0.10736412304379297     
          54          55  0.63278614684594181     
