   -0.12387802
    0.11959098
    0.21005390
    0.03204168
   -0.09714387
   -0.01840892
    0.33050474
   -0.16616688
   -0.27233027
   -0.12879338
    0.12959446
    0.21961482
    0.01422807
   -0.09304425
   -0.00434939
    0.32966570
   -0.14494185
   -0.25727979
   -0.12316130
    0.03781616
    0.33766069
   -0.31984153
   -0.15007087
    0.12458430
    0.32277439
   -0.00609319
   -0.34365027
    0.15150698
   -0.01682030
   -0.03505437
   -0.16610204
    0.12830762
    0.32025972
    0.02663922
   -0.31328961
    0.00658267
    0.42319130
   -0.29101888
   -0.31099016
   -0.16236495
    0.11533999
    0.31749652
    0.02446550
   -0.31584154
    0.10687646
    0.00698462
   -0.01433372
   -0.00444569
   -0.01859150
   -0.27032592
    0.24629367
   -0.15607876
    0.13970532
    0.22564473
   -0.04123179
   -0.08178118
