           1           2   1.7277645604464482     
           1           3  0.19878604891525287     
           2           3  0.94255365952129588     
           2           4   1.0852224842348741     
           1           5  0.16805838991484406     
           3           5   2.1881766496193449     
           1           6  0.19333816336946019     
           4           6   2.1647469232049770     
           6           7  0.87209743179097343     
           7           8   1.5111758348992630     
           6           9  0.12771459017748613     
           7           9   1.4929790471011095     
           8           9  0.28561112303168062     
          10          11   1.7341389163008396     
          10          12  0.22600236488707634     
          11          12  0.95031539567648504     
          10          13  0.12620774766716958     
          11          13   1.0795047454138660     
          10          14  0.19500595672843429     
          12          14   2.2016823851959999     
          10          15  0.19297241603379617     
          13          15   2.1408933587825625     
          15          16  0.90882517437088362     
          16          17   1.4868783023367986     
          15          18  0.15109080032297581     
          16          18   1.4783515691395115     
          17          18  0.34544425301819603     
          19          20   2.6746915810171084     
          20          21  0.92437550997080065     
          21          22   1.6470776953682087     
          21          23   1.2638048518762997     
          22          23  0.16534620849886436     
          23          24   1.3960696852906260     
          24          25  0.86679516398833867     
          23          26  0.12415704765695464     
          24          26   1.2736813555534408     
          25          27   1.6455863247661715     
          26          28   1.0965763921321183     
          23          29  0.11304785094980889     
          28          29   1.3579511920500580     
          23          30  0.11300934491286185     
          26          30  0.31677041308556630     
          28          30   1.3847310620761930     
          29          30  0.48397903727029401     
          25          31   1.3076582039818487     
          27          31  0.13435621049841187     
          31          32   1.3673924597708964     
          32          33  0.87346587735797732     
          32          34   1.2521949163772421     
          33          35   1.6475427626110017     
          31          36  0.10508542863811089     
          32          36  0.10381025847208956     
          34          36   2.0699001616724324     
          36          37  0.79183855572860096     
          37          38   1.5613712260881700     
          36          39  0.16375645102507067     
          37          39   1.5455451102342408     
          38          39  0.26978748722219181     
          33          40   1.2989414727311650     
          35          40  0.12957835017744429     
          40          41   1.3273819855118654     
          41          42  0.84987656427315328     
          41          43   1.3539586644087978     
          42          44   1.6395855932553332     
          43          45   1.2062194391895338     
          43          46  0.17347876338327534     
          45          46   1.2210745406076622     
          45          47   1.2311238082253810     
          46          47  0.17824847975952501     
          43          48  0.24516185057139708     
          46          48   1.6773679081411534     
          47          48  0.12822467094604093     
          43          49  0.15094479068910144     
          46          49  0.13907288652914690     
          47          49   1.6429649875855534     
          48          49  0.14646337608580048     
          46          50  0.12757931640586534     
          47          50  0.11410816164790039     
          48          51   1.1081722579623137     
          49          51   1.1296988498052332     
          50          51   1.5324508953769942     
          42          52   1.3040948875809650     
          44          52  0.17454257277264867     
          52          53   1.1813822153378675     
          52          54  0.15424824573852663     
          53          54  0.99537766026930741     
          44          55  0.13983298059545257     
          52          55  0.30235584087572293     
          53          55   1.5670904955644847     
          54          55  0.19168738096477653     
          54          56   2.2055996605645500     
          55          56  0.15357780276675573     
