    0.09237422
    0.01761340
    0.04252459
    0.04288110
   -0.10945712
    0.05161561
   -0.15441513
   -0.20535659
    0.05654088
    0.05931469
    0.00454805
    0.02028465
   -0.15445662
    0.03325382
    0.02286259
    0.01545010
    0.07039008
    0.03077475
   -0.00536313
   -0.00652024
   -0.16752966
    0.02474229
    0.01185080
    0.15177786
   -0.15550202
    0.04739729
    0.01146102
    0.03078647
    0.03921105
   -0.14851840
    0.05319573
    0.01857031
    0.02425044
    0.00078956
   -0.12674648
    0.00057759
    0.01854197
    0.02655000
    0.02287020
    0.02090436
    0.03527737
    0.03329392
   -0.19880888
    0.00160778
    0.01211872
    0.03408271
    0.07647599
    0.04385775
    0.01972248
    0.04499999
    0.05089311
    0.06164671
    0.00749391
   -0.08663878
    0.02271444
    0.01122272
