           2           3  0.27925715011897639     
           2           4  0.41437362411792733     
           3           4  0.13895918784746397     
           3           5  0.26934854073313241     
           4           5  0.37942752038084665     
           2           6  0.50564650461852545     
           3           6  0.27540033629468924     
           3           7  0.43056796750959980     
           6           7  0.54443014022386549     
           1           8  0.32449299723563840     
           4           8  0.52269231210687228     
           6           8  0.90268776286833619     
           1          10  0.22564509841688926     
           3          10  0.13644935928285148     
           5          10  0.43691902467905142     
           7          10  0.73320423977902116     
           4          11  0.17883375025046808     
           5          11  0.25275997832337754     
           3          12  0.13790107479744862     
          11          12  0.16683499414643413     
           2          13  0.49626657128748564     
           3          13  0.31468673944114955     
          12          13  0.17427501279543897     
           5          14  0.31851091200151121     
          10          14  0.41360347571521250     
          12          14  0.24020030627260811     
           3          15  0.21346652929633481     
           7          15  0.38372150948418293     
          10          15  0.12104969865391706     
          12          15  0.26617995505450254     
          14          15  0.37221581237656287     
          12          16  0.19133304891652433     
          14          16  0.23628422000669827     
          15          16  0.12069993393624277     
          11          18  0.10701940018723868     
           4          19  0.33148653363738478     
          11          19  0.42247802029803522     
          18          19  0.35894554418553004     
          18          20  0.37336442452070884     
          19          20  0.16630869312427710     
          18          21  0.18209609069024671     
          17          22  0.49568449484831861     
          19          22  0.11076039853335366     
           2          23  0.42011900496435456     
           4          23  0.33774901787493189     
          11          23  0.24545366228338775     
          13          23  0.16513654806618347     
          18          23  0.24488347745217615     
          19          23  0.25527293221356162     
          13          24  0.48733899800852104     
          21          24  0.55311352065731278     
          23          24  0.29166397257207566     
          11          25  0.20398493567750808     
          12          25  0.12320893854332984     
          18          25  0.36096580366855324     
          24          25  0.59348175340703568     
           9          26  0.23333971104543647     
          12          27  0.23430855483572027     
          24          27  0.26281883383421695     
          21          28  0.39360882805179453     
          25          28  0.22122332680139487     
          21          29  0.52563187179254978     
          24          29  0.32588054420585311     
          27          29  0.22553338062836487     
          28          29  0.17023529201351609     
          27          30  0.44972985509835367     
          28          30  0.25008628577421471     
          29          30  0.18414843452108762     
          21          31  0.16456758501029997     
          23          31  0.17371435526492907     
          26          31  0.83927290266072530     
          28          32  0.32086327093608275     
          29          32  0.63794581313740228     
          30          32  0.52662259693522528     
          25          33  0.21319004086214194     
          18          34  0.14228022981222432     
          20          34  0.43896683152391514     
          28          34  0.22185276572010768     
          33          34  0.15326784165673274     
          33          35  0.23469047247230460     
          28          36  0.24669662995296257     
          34          36  0.31820496775489626     
          18          37  0.33208127604585935     
          20          37  0.36311266539405795     
          21          37  0.16634105640187205     
          28          37  0.24134046522445957     
          34          37  0.27904490719249614     
          36          37  0.60808671134259018     
          28          38  0.20498003824836361     
          32          38  0.44149614967771672     
          33          38  0.28800061379440922     
          35          38  0.42567375406685848     
          36          38  0.45760039756681509     
          20          39  0.12480812766363009     
          22          39  0.18527175588002648     
          33          40  0.23806518825301592     
          34          40  0.32679783758207936     
          35          40  0.18004744614984519     
          36          40  0.31198358591915876     
          38          40  0.29530611727571471     
          33          41  0.15850617008771745     
          35          41  0.60782387326608667     
          40          41  0.41750389136347438     
          11          42  0.10568722476081172     
          12          42  0.10018388747960824     
          14          42  0.20630568564871382     
          16          42  0.19811505014208827     
          25          42  0.22760098967819858     
          33          42  0.11770121861882260     
          42          43  0.42783290721891148     
          11          44  0.30172298045177381     
          18          44  0.18659381529636807     
          19          44  0.29412266841376317     
          20          44  0.36915607829101416     
          22          44  0.17661552785519233     
          34          44  0.24164881797796892     
          42          44  0.15411518468531640     
          33          45  0.28654403324629169     
          34          45  0.20382331353712149     
          39          45  0.13124490856923321     
          40          45  0.23472622182492187     
          41          45  0.43447357880957421     
          42          45  0.26160075990781101     
          43          45  0.44785227925291543     
          44          45  0.25972768961383563     
          20          46  0.14254012794179721     
          36          46  0.22006773297898916     
          39          46  0.58392069981219619     
          43          47  0.39846965197388601     
          22          48  0.49343544971981518     
          39          48  0.42677937570392344     
          47          48  0.10100647274869604     
           5          49  0.45798370608191480     
          11          49  0.24708335752264224     
          14          49  0.32205679988116853     
          22          49  0.10563381799845910     
          42          49  0.36500977648964167     
          44          49  0.35501052558867885     
          48          49  0.10405017721688388     
          27          50  0.28805613220223503     
          16          51  0.27288061619716747     
          33          51  0.19857682884997585     
          41          51  0.40541198209811147     
          42          51  0.13701288179268623     
          43          51  0.67679584060002518     
          30          52  0.43777862609733731     
          33          52  0.14945577359320503     
          35          52  0.64020491157763115     
           9          53  0.22276252230284219     
          12          53  0.21834422974147161     
          13          53  0.39840745482469409     
          15          53  0.59717359568752892     
          27          53  0.27481914044705874     
          12          54  0.22324981205554695     
          16          54  0.34610900843466408     
          30          54  0.17369841600879984     
          33          54  0.16152153225671748     
          51          54  0.31170977892936069     
          52          54  0.27154140500676216     
          16          55  0.33876400439353022     
          51          55  0.27754389901308685     
          52          55  0.43369202066083301     
          54          55  0.47249465631576981     
          12          56  0.23436951450590585     
          15          56  0.12602084967624158     
          16          56  0.41191929102128200     
          27          56  0.38729722100076386     
          53          56  0.27981025918795693     
          54          56  0.20403083800067420     
          55          56  0.42123610809419054     
