   -0.08627980
    0.12137908
    0.33436751
   -0.00397044
   -0.29303099
    0.42609100
   -0.29662770
   -0.27882246
   -0.17326568
    0.11625975
    0.32455030
   -0.00221832
   -0.32492598
    0.14981594
   -0.03832404
   -0.02506188
   -0.17183202
    0.03908990
    0.02689513
    0.35483961
   -0.28147659
   -0.14262989
    0.14064097
    0.32282551
   -0.35479903
   -0.16611222
    0.12858741
    0.34013689
   -0.04773313
   -0.32648717
   -0.17701253
    0.11771907
    0.32436795
   -0.01466775
   -0.31601348
    0.15345948
   -0.02121513
   -0.03411801
   -0.16475741
    0.11154072
    0.32971629
    0.00938762
   -0.31181002
    0.02848186
    0.06618480
   -0.05842294
   -0.14562233
   -0.11943634
    0.28829154
   -0.15405417
    0.10752585
    0.21294370
    0.14019453
   -0.10835710
   -0.03609698
   -0.04011087
