           1           2   1.6040107882622781     
           2           3  0.80896370271472340     
           1           4  0.38128400452246686     
           2           4   1.3028182649268509     
           1           5  0.15445309035505012     
           3           5   1.6773048396980703     
           4           6  0.78689958932305726     
           6           7   1.5466198732255325     
           4           8  0.19691031811103429     
           6           8   1.5553551979068265     
           7           8  0.27780906883148576     
           3           9   1.2905554592022408     
           5           9  0.15095379480706658     
           9          10   1.3379269674903651     
          10          11  0.86505058948322944     
           9          12  0.13885786357137711     
          10          12   1.3335510971478521     
          11          13   1.6819287037365038     
          12          14   1.0603358415976847     
          12          15  0.33302490029431819     
          14          15   1.3722062226320735     
          14          16   1.4037701196732593     
          15          16  0.58363698436935985     
          11          17   1.2688510409269909     
          13          17  0.11549398459369935     
          17          19  0.11043233596959780     
          18          19   2.4185568471706689     
          19          20   1.0031080885841501     
          20          21   1.3248931930773185     
          18          22  0.12668220958049820     
          20          22   1.5907778866965496     
          21          22  0.55122824516873725     
          17          23   1.4432175160296534     
          18          23   1.1936423285169087     
          23          24  0.88101083728822482     
          24          25   1.6264605144458333     
          24          26   1.2900706784729659     
          25          26  0.14003164759499298     
          26          27   1.1951242669245257     
          27          28  0.82992986749880182     
          26          29  0.11361564552801405     
          27          29   1.6301115279016505     
          28          30   1.6693355788555739     
          29          30  0.12750696517674776     
          28          31   1.2600967510404015     
          30          31  0.11023249801440514     
          31          32   1.3455159983757463     
          32          33  0.87558984110141325     
          31          34  0.11960677431383931     
          32          34   1.2989286186518501     
          33          35   1.6689557558502073     
          34          36   1.0766212060737126     
          31          37  0.11196919031397930     
          36          37   1.3766758731706947     
          34          38  0.27968853811807909     
          36          38   1.3957151260739780     
          37          38  0.49806261671880203     
          33          39   1.2653752122574571     
          35          39  0.11798817751749792     
          39          40   1.2844660530840757     
          40          41  0.86064088162562546     
          39          42  0.12592093865060666     
          40          42   1.3831663824884548     
          41          43   1.6468587358017823     
          42          44   1.5637093650893397     
          44          45   1.5663318521680329     
          42          46  0.10315604983672255     
          44          46  0.10272130313946053     
          45          46   1.6665966049217809     
          45          47  0.11852554445316435     
          47          48  0.74836391701475924     
          46          49   1.1660410245630553     
          47          49   1.3530611686375180     
          48          49   1.3989170877862629     
          41          50   1.3049749992718112     
          43          50  0.17089933912541652     
          50          51   1.3060655941087946     
          51          52   1.1651061317997455     
          51          53  0.92683064583364982     
          52          54   2.1567238559970381     
          50          55  0.16188990130953929     
          53          55   1.4978168570607668     
          50          56  0.13134193103652611     
          51          56  0.10621800721251573     
          52          56  0.13340379456712442     
          53          56   1.4116612056246785     
          54          56  0.10773809788062572     
          55          56  0.63180615067936075     
