   -0.08854312
    0.12016352
    0.33305857
   -0.00642106
   -0.29659901
    0.42579126
   -0.29955759
   -0.28161589
   -0.17405680
    0.11572798
    0.32671695
   -0.00441701
   -0.31289780
    0.14997662
   -0.03928974
   -0.02587365
   -0.13487845
    0.14772545
    0.32421356
    0.15173687
   -0.34083615
   -0.18113549
   -0.17656368
    0.12701476
    0.33916302
   -0.04748827
   -0.32684453
   -0.17911370
    0.11831630
    0.32418128
   -0.01363686
   -0.31779876
    0.15231339
   -0.02578177
   -0.03624972
   -0.16270078
    0.11153084
    0.32974581
    0.01044586
   -0.31273312
    0.04015003
    0.06605088
   -0.05717899
   -0.14852374
   -0.12632982
    0.28834369
   -0.15495762
    0.10707631
    0.21227436
    0.13967234
   -0.11017742
   -0.03745126
   -0.04173784
