           1           2   1.6024530389824732     
           2           3  0.81111613239009928     
           1           4  0.37995904661181962     
           2           4   1.3021202580506881     
           1           5  0.14995858751157878     
           3           5   1.6773560498023934     
           4           6  0.78747292960989657     
           6           7   1.5463551154069430     
           4           8  0.19517046053574366     
           6           8   1.5542890207857649     
           7           8  0.27657437680027369     
           3           9   1.2883684145206353     
           5           9  0.14923675027837663     
           9          10   1.3294220017813529     
          10          11  0.87349974874977199     
           9          12  0.14220128925408373     
          10          12   1.3369761404447817     
          11          13   1.7045801217980021     
          12          14   1.0596814727114006     
          12          15  0.35903031066735452     
          14          15   1.3702714902866731     
          14          16   1.4084441822246652     
          15          16  0.58526769705873349     
          11          17   1.2331976234794928     
          13          17  0.10971289989794350     
          17          18   1.5622580109308219     
          18          19  0.85745980804223565     
          18          20  0.99611906509849879     
          19          21   1.6242285406013217     
          20          22   1.9262440184382936     
          19          23   1.3081150316353958     
          21          23  0.14612713783491166     
          23          24   1.1823724216521543     
          24          25  0.82928721527601701     
          24          26   1.6636792335264745     
          25          27   1.6734272848034548     
          26          27  0.13397629024616617     
          25          28   1.2623718666825547     
          27          28  0.11236147971676587     
          28          29   1.3461834711213889     
          29          30  0.87718171141876833     
          28          31  0.11864534889136946     
          29          31   1.2996460267741714     
          30          32   1.6681600039767366     
          31          33   1.0800594273323525     
          28          34  0.10970673223006078     
          33          34   1.3734481022634184     
          31          35  0.28129188815517575     
          33          35   1.3941748930062594     
          34          35  0.50295560613138190     
          30          36   1.2650404227680589     
          32          36  0.11738036220050337     
          36          37   1.2841064261404782     
          37          38  0.86021966343841749     
          36          39  0.12549343371345836     
          37          39   1.3834046782145928     
          38          40   1.6465587069309953     
          39          41   1.5655113099750100     
          41          42   1.5680292784700778     
          39          43  0.10333376816376359     
          41          43  0.10140021430547670     
          42          43   1.6652622126326966     
          42          44  0.11799946986736819     
          44          45  0.74547016019885837     
          43          46   1.1659077959679394     
          44          46   1.3527165678397695     
          45          46   1.3993148757590523     
          38          47   1.3053870080201804     
          40          47  0.17060775669954106     
          47          48   1.3052316438587057     
          48          49   1.1658591292975815     
          48          50  0.92662724503840810     
          49          51   2.1550424881634154     
          47          52  0.16217791033696594     
          50          52   1.4977967523849800     
          47          53  0.13192844402117643     
          48          53  0.10668373135358289     
          49          53  0.13417759532835283     
          50          53   1.4119104738568931     
          51          53  0.10828243568738166     
          52          53  0.63102455408040459     
